	A	C	D	E	F	G	H	I	K	L	M	N	P	Q	R	S	T	V	W	Y
Tery_0001	0.0614	0.0088	0.0482	0.0724	0.0417	0.0461	0.0263	0.0768	0.0504	0.1140	0.0197	0.0548	0.0482	0.0461	0.0548	0.0702	0.0526	0.0636	0.0088	0.0351
Tery_0002	0.0455	0.0152	0.0758	0.0606	0.0303	0.0000	0.0455	0.0758	0.0909	0.1212	0.0455	0.0758	0.0606	0.0152	0.0758	0.0606	0.0303	0.0303	0.0000	0.0455
Tery_0006	0.0543	0.0326	0.0543	0.0326	0.0435	0.0435	0.0109	0.0978	0.0217	0.1522	0.0217	0.0435	0.0652	0.0326	0.0217	0.1087	0.0543	0.0652	0.0000	0.0435
Tery_0008	0.0650	0.0050	0.0350	0.1150	0.0350	0.0550	0.0000	0.0850	0.0550	0.0900	0.0300	0.0500	0.0400	0.0750	0.0400	0.0800	0.0500	0.0750	0.0000	0.0200
Tery_0010	0.0299	0.0060	0.0060	0.0958	0.0180	0.0539	0.0180	0.0599	0.1198	0.1198	0.0120	0.0659	0.0419	0.0659	0.0479	0.0599	0.0659	0.0659	0.0180	0.0299
Tery_0011	0.0318	0.0100	0.0587	0.0766	0.0647	0.0428	0.0149	0.0876	0.0925	0.1065	0.0129	0.0736	0.0318	0.0468	0.0328	0.0687	0.0448	0.0488	0.0030	0.0507
Tery_0012	0.0369	0.0056	0.0569	0.0681	0.0585	0.0409	0.0160	0.0913	0.0970	0.1098	0.0136	0.0785	0.0224	0.0441	0.0425	0.0777	0.0497	0.0433	0.0032	0.0441
Tery_0013	0.0658	0.0051	0.0532	0.0886	0.0278	0.0658	0.0177	0.0481	0.0759	0.1190	0.0329	0.0380	0.0557	0.0354	0.0506	0.0481	0.0430	0.0759	0.0101	0.0430
Tery_0014	0.0385	0.0000	0.0846	0.0308	0.0538	0.0385	0.0154	0.0923	0.0692	0.0923	0.0308	0.0615	0.0615	0.0538	0.0462	0.0692	0.0308	0.0385	0.0462	0.0462
Tery_0015	0.0739	0.0057	0.0398	0.0852	0.0284	0.0284	0.0170	0.0682	0.0909	0.1364	0.0057	0.1420	0.0227	0.0398	0.0284	0.0568	0.0455	0.0341	0.0114	0.0398
Tery_0017	0.0345	0.0230	0.0230	0.0575	0.0575	0.0230	0.0000	0.0690	0.1149	0.1264	0.0000	0.0805	0.0575	0.0345	0.0460	0.0920	0.0230	0.0690	0.0230	0.0460
Tery_0018	0.0807	0.0041	0.0356	0.0506	0.0192	0.1642	0.0082	0.0383	0.0192	0.0821	0.0821	0.0506	0.0328	0.0274	0.0342	0.1108	0.0547	0.0752	0.0123	0.0178
Tery_0019	0.1087	0.0125	0.0446	0.0588	0.0178	0.1087	0.0160	0.0820	0.0535	0.0766	0.0446	0.0410	0.0463	0.0250	0.0410	0.0606	0.0624	0.0749	0.0036	0.0214
Tery_0020	0.0435	0.0087	0.0348	0.1043	0.0609	0.0406	0.0174	0.0667	0.1043	0.0986	0.0116	0.0638	0.0261	0.0638	0.0319	0.0493	0.0522	0.0406	0.0261	0.0551
Tery_0021	0.0761	0.0092	0.0459	0.0433	0.0276	0.0801	0.0118	0.0919	0.0499	0.0879	0.0157	0.0577	0.0446	0.0499	0.0577	0.0774	0.0525	0.0538	0.0118	0.0551
Tery_0022	0.0385	0.0271	0.0475	0.0566	0.0566	0.0475	0.0226	0.0769	0.1041	0.1086	0.0045	0.0656	0.0362	0.0611	0.0204	0.0520	0.0452	0.0271	0.0181	0.0837
Tery_0023	0.0570	0.0052	0.0622	0.0725	0.0622	0.0415	0.0155	0.0984	0.0674	0.1036	0.0363	0.1088	0.0207	0.0518	0.0311	0.0415	0.0518	0.0363	0.0000	0.0363
Tery_0024	0.0157	0.0157	0.0576	0.0785	0.0576	0.0471	0.0209	0.1152	0.0681	0.0838	0.0052	0.0576	0.0628	0.0471	0.0366	0.0733	0.0471	0.0471	0.0105	0.0524
Tery_0025	0.0284	0.0213	0.0355	0.0780	0.0426	0.0355	0.0213	0.1206	0.0638	0.1064	0.0142	0.0638	0.0567	0.0496	0.0213	0.1135	0.0355	0.0284	0.0284	0.0355
Tery_0027	0.0732	0.0069	0.0584	0.0915	0.0275	0.0664	0.0195	0.0469	0.0812	0.0927	0.0160	0.0297	0.0538	0.0435	0.0652	0.0572	0.0664	0.0641	0.0092	0.0309
Tery_0028	0.0643	0.0117	0.0409	0.0409	0.0234	0.0760	0.0175	0.0702	0.0877	0.0643	0.0117	0.0526	0.0643	0.0643	0.0936	0.0468	0.0526	0.0585	0.0175	0.0409
Tery_0031	0.0299	0.0060	0.0060	0.0958	0.0180	0.0539	0.0180	0.0599	0.1198	0.1198	0.0120	0.0659	0.0419	0.0659	0.0479	0.0599	0.0659	0.0659	0.0180	0.0299
Tery_0033	0.0826	0.0000	0.0702	0.0496	0.0413	0.0372	0.0000	0.0620	0.0496	0.1281	0.0165	0.0744	0.0413	0.0289	0.0331	0.0620	0.0950	0.0992	0.0083	0.0207
Tery_0034	0.0866	0.0157	0.0630	0.0866	0.0630	0.0630	0.0315	0.1260	0.1024	0.0709	0.0236	0.0315	0.0394	0.0157	0.0472	0.0236	0.0630	0.0236	0.0000	0.0236
Tery_0035	0.0429	0.0714	0.0286	0.0857	0.0429	0.0429	0.0000	0.0857	0.0857	0.1000	0.0286	0.0571	0.0143	0.0571	0.0286	0.0571	0.0571	0.0286	0.0143	0.0714
Tery_0037	0.0441	0.0000	0.0147	0.0735	0.0441	0.1324	0.0147	0.0588	0.1618	0.0882	0.0294	0.0294	0.0441	0.0735	0.0735	0.0000	0.0147	0.0588	0.0147	0.0294
Tery_0039	0.0299	0.0060	0.0060	0.0958	0.0180	0.0539	0.0180	0.0599	0.1198	0.1198	0.0120	0.0659	0.0419	0.0659	0.0479	0.0599	0.0659	0.0659	0.0180	0.0299
Tery_0040	0.0202	0.0000	0.0202	0.0505	0.0202	0.0808	0.0505	0.1212	0.1212	0.1111	0.0101	0.0101	0.0303	0.0505	0.0606	0.0808	0.0808	0.0707	0.0101	0.0000
Tery_0041	0.0631	0.0000	0.0090	0.0721	0.0450	0.0450	0.0000	0.0450	0.0360	0.1081	0.0631	0.1261	0.0721	0.0811	0.0270	0.1171	0.0360	0.0270	0.0090	0.0180
Tery_0043	0.1429	0.0194	0.0605	0.0436	0.0145	0.0944	0.0048	0.0702	0.0605	0.0896	0.0242	0.0387	0.0218	0.0387	0.0339	0.0581	0.0799	0.0726	0.0121	0.0194
Tery_0045	0.0626	0.0076	0.0474	0.0797	0.0455	0.0626	0.0493	0.0493	0.0398	0.1006	0.0285	0.0323	0.0436	0.0512	0.0607	0.0436	0.0455	0.0455	0.0304	0.0740
Tery_0046	0.0714	0.0000	0.0429	0.0714	0.0000	0.0571	0.0143	0.1143	0.1143	0.1286	0.0000	0.0286	0.0286	0.0429	0.0286	0.0571	0.0857	0.0714	0.0143	0.0286
Tery_0047	0.0654	0.0102	0.0573	0.0736	0.0389	0.0552	0.0204	0.0593	0.0798	0.1309	0.0102	0.0470	0.0409	0.0348	0.0368	0.0900	0.0511	0.0491	0.0123	0.0368
Tery_0049	0.0526	0.0000	0.0075	0.0977	0.0301	0.0451	0.0226	0.1278	0.1278	0.1053	0.0226	0.0602	0.0301	0.0451	0.0301	0.0451	0.0602	0.0301	0.0150	0.0451
Tery_0050	0.0189	0.0283	0.0472	0.0566	0.0377	0.0377	0.0189	0.0755	0.0660	0.1038	0.0189	0.0377	0.0849	0.0472	0.0189	0.0943	0.1132	0.0566	0.0189	0.0189
Tery_0051	0.0000	0.0678	0.0339	0.0508	0.0169	0.0339	0.0508	0.1017	0.1356	0.0508	0.0169	0.1017	0.0169	0.1017	0.0339	0.0847	0.0339	0.0339	0.0000	0.0339
Tery_0053	0.0299	0.0060	0.0060	0.0958	0.0180	0.0539	0.0180	0.0599	0.1198	0.1198	0.0120	0.0659	0.0419	0.0659	0.0479	0.0599	0.0659	0.0659	0.0180	0.0299
Tery_0054	0.0459	0.0051	0.0510	0.0918	0.0561	0.0357	0.0051	0.0663	0.1020	0.1276	0.0102	0.0816	0.0459	0.0255	0.0612	0.0714	0.0408	0.0510	0.0051	0.0204
Tery_0056	0.0658	0.0044	0.0395	0.0746	0.0570	0.0439	0.0132	0.0833	0.0789	0.0833	0.0088	0.0570	0.0132	0.0351	0.0702	0.0570	0.0702	0.0614	0.0351	0.0482
Tery_0057	0.0378	0.0065	0.0551	0.1124	0.0541	0.0216	0.0119	0.0746	0.1103	0.1027	0.0108	0.0778	0.0378	0.0638	0.0346	0.0584	0.0270	0.0422	0.0162	0.0443
Tery_0058	0.0927	0.0146	0.0537	0.0293	0.0537	0.0244	0.0049	0.0732	0.0732	0.1317	0.0146	0.1122	0.0195	0.0390	0.0439	0.0780	0.0634	0.0341	0.0146	0.0293
Tery_0059	0.0390	0.0072	0.0607	0.0405	0.0289	0.0737	0.0318	0.0824	0.0636	0.1026	0.0072	0.0448	0.0549	0.0448	0.0419	0.1012	0.0650	0.0607	0.0260	0.0231
Tery_0060	0.0636	0.0061	0.0242	0.0879	0.0545	0.0545	0.0061	0.0606	0.0758	0.0727	0.0242	0.0576	0.0727	0.0242	0.0485	0.0576	0.0667	0.0485	0.0364	0.0576
Tery_0064	0.0500	0.0200	0.0100	0.0400	0.0200	0.0200	0.0100	0.0900	0.1700	0.1400	0.0100	0.0700	0.0200	0.0500	0.0200	0.0800	0.0400	0.0400	0.0100	0.0900
Tery_0065	0.0645	0.0000	0.0484	0.0968	0.0645	0.0645	0.0161	0.1129	0.1452	0.0484	0.0000	0.0323	0.0484	0.0806	0.0323	0.0161	0.0484	0.0645	0.0000	0.0161
Tery_0066	0.0145	0.0000	0.0435	0.0725	0.0145	0.0870	0.0290	0.2174	0.1594	0.0725	0.0290	0.0435	0.0145	0.0290	0.0145	0.0870	0.0145	0.0580	0.0000	0.0000
Tery_0068	0.0725	0.0290	0.0725	0.0580	0.0870	0.0435	0.0145	0.0435	0.0725	0.1014	0.0290	0.0435	0.0290	0.1014	0.0725	0.0435	0.0435	0.0290	0.0145	0.0000
Tery_0069	0.1190	0.0141	0.0504	0.0827	0.0323	0.0948	0.0161	0.0746	0.0746	0.1048	0.0282	0.0383	0.0363	0.0181	0.0282	0.0444	0.0685	0.0544	0.0121	0.0081
Tery_0070	0.0556	0.0000	0.0417	0.0694	0.0278	0.0694	0.0000	0.0694	0.0833	0.0833	0.0278	0.0417	0.0278	0.0694	0.0694	0.0694	0.0139	0.0972	0.0694	0.0139
Tery_0071	0.0805	0.0148	0.0636	0.0720	0.0254	0.0847	0.0169	0.1017	0.0720	0.0742	0.0191	0.0403	0.0530	0.0318	0.0424	0.0530	0.0593	0.0403	0.0169	0.0381
Tery_0072	0.0995	0.0090	0.0452	0.0814	0.0271	0.0317	0.0090	0.1018	0.0679	0.1538	0.0181	0.0701	0.0249	0.0498	0.0271	0.0543	0.0339	0.0611	0.0090	0.0249
Tery_0073	0.0471	0.0105	0.0576	0.0838	0.0419	0.0262	0.0262	0.0471	0.0628	0.1204	0.0052	0.0209	0.0576	0.0576	0.1047	0.0628	0.0628	0.0576	0.0262	0.0209
Tery_0075	0.0330	0.0110	0.0220	0.0659	0.0330	0.0330	0.0220	0.0659	0.0769	0.1538	0.0330	0.0220	0.0440	0.0549	0.0769	0.0769	0.0440	0.0659	0.0110	0.0549
Tery_0076	0.0139	0.0139	0.0139	0.0694	0.0417	0.0278	0.0278	0.0694	0.1250	0.1667	0.0139	0.0278	0.0417	0.0556	0.0417	0.0694	0.0556	0.0556	0.0139	0.0556
Tery_0077	0.0139	0.0139	0.0139	0.0694	0.0417	0.0278	0.0278	0.0694	0.1250	0.1667	0.0000	0.0278	0.0417	0.0417	0.0556	0.0694	0.0556	0.0694	0.0139	0.0556
Tery_0078	0.0139	0.0139	0.0139	0.0694	0.0417	0.0278	0.0278	0.0694	0.1250	0.1667	0.0000	0.0278	0.0417	0.0417	0.0556	0.0694	0.0556	0.0694	0.0139	0.0556
Tery_0079	0.0139	0.0139	0.0139	0.0694	0.0417	0.0278	0.0278	0.0694	0.1250	0.1667	0.0000	0.0278	0.0417	0.0417	0.0556	0.0694	0.0556	0.0694	0.0139	0.0556
Tery_0080	0.0338	0.0242	0.0242	0.0676	0.0338	0.0676	0.0338	0.1014	0.0580	0.1063	0.0097	0.0338	0.0725	0.0580	0.0386	0.0580	0.0628	0.0483	0.0242	0.0435
Tery_0081	0.0774	0.0097	0.0355	0.0387	0.0452	0.0774	0.0194	0.1000	0.0806	0.1194	0.0097	0.0581	0.0387	0.0355	0.0355	0.0452	0.0548	0.0645	0.0097	0.0452
Tery_0082	0.0436	0.0000	0.0436	0.0637	0.0620	0.0570	0.0218	0.0754	0.0687	0.0787	0.0168	0.0854	0.0653	0.0553	0.0385	0.0536	0.0503	0.0486	0.0151	0.0570
Tery_0084	0.0460	0.0000	0.0000	0.1034	0.0230	0.0000	0.0230	0.0345	0.1034	0.1609	0.0345	0.0920	0.0115	0.1034	0.0575	0.0345	0.0805	0.0115	0.0230	0.0575
Tery_0085	0.0279	0.0105	0.0592	0.0523	0.0697	0.0488	0.0418	0.0592	0.0767	0.0767	0.0314	0.0557	0.0523	0.0523	0.0314	0.0662	0.0732	0.0418	0.0244	0.0488
Tery_0087	0.1225	0.0149	0.0497	0.0662	0.0166	0.0646	0.0182	0.0762	0.0397	0.0811	0.0298	0.0232	0.0447	0.0530	0.0414	0.0795	0.0546	0.1126	0.0033	0.0083
Tery_0088	0.0536	0.0112	0.0402	0.0647	0.0491	0.0580	0.0223	0.1295	0.0737	0.0826	0.0156	0.0558	0.0402	0.0469	0.0491	0.0603	0.0603	0.0424	0.0022	0.0424
Tery_0089	0.0432	0.0123	0.0556	0.0710	0.0525	0.0556	0.0123	0.0648	0.0679	0.1296	0.0062	0.0556	0.0432	0.0556	0.0340	0.0741	0.0679	0.0370	0.0093	0.0525
Tery_0090	0.0423	0.0067	0.0401	0.0824	0.0468	0.0624	0.0312	0.0512	0.0557	0.0935	0.0245	0.0780	0.0579	0.0334	0.0445	0.0535	0.0423	0.0557	0.0356	0.0624
Tery_0091	0.0278	0.0139	0.0694	0.0278	0.0139	0.0556	0.0000	0.1250	0.0694	0.1250	0.0139	0.0972	0.0278	0.0278	0.0139	0.0972	0.0139	0.1111	0.0000	0.0694
Tery_0093	0.0506	0.0127	0.0253	0.0253	0.0886	0.0633	0.0253	0.1139	0.1139	0.0633	0.0000	0.0633	0.0380	0.0380	0.0633	0.0380	0.0506	0.0506	0.0127	0.0633
Tery_0094	0.0422	0.0120	0.0542	0.0663	0.0301	0.0542	0.0060	0.0542	0.0663	0.0542	0.0181	0.0602	0.1145	0.0241	0.0422	0.0542	0.0482	0.0723	0.0361	0.0904
Tery_0096	0.0268	0.0134	0.0401	0.1037	0.0669	0.0368	0.0268	0.0769	0.1037	0.1037	0.0234	0.0301	0.0201	0.0635	0.0167	0.1137	0.0268	0.0535	0.0067	0.0468
Tery_0097	0.1178	0.0092	0.0139	0.0254	0.0531	0.0924	0.0092	0.0970	0.0277	0.1293	0.0185	0.0370	0.0370	0.0208	0.0346	0.0600	0.0600	0.1085	0.0208	0.0277
Tery_0100	0.0323	0.0022	0.0787	0.0679	0.0409	0.0700	0.0108	0.0700	0.0744	0.0765	0.0065	0.0808	0.0388	0.0463	0.0366	0.0765	0.0819	0.0560	0.0043	0.0485
Tery_0102	0.0288	0.0000	0.0385	0.0673	0.0385	0.0577	0.0096	0.0673	0.0192	0.1154	0.0192	0.0577	0.0481	0.0673	0.0962	0.0865	0.0769	0.0673	0.0096	0.0288
Tery_0103	0.0449	0.0041	0.0612	0.0612	0.0408	0.1020	0.0408	0.0531	0.0571	0.0816	0.0204	0.0735	0.0245	0.0367	0.0449	0.0735	0.0490	0.0939	0.0122	0.0245
Tery_0104	0.0930	0.0299	0.0233	0.0432	0.0332	0.0831	0.0133	0.0963	0.0532	0.1030	0.0233	0.0332	0.0432	0.0332	0.0199	0.0864	0.0664	0.0598	0.0233	0.0399
Tery_0107	0.1149	0.0345	0.0805	0.0345	0.0690	0.0575	0.0000	0.0460	0.0690	0.0920	0.0000	0.0805	0.0000	0.0690	0.0115	0.1264	0.0230	0.0460	0.0115	0.0345
Tery_0108	0.0724	0.0099	0.0296	0.0757	0.0493	0.0691	0.0263	0.0658	0.0559	0.1184	0.0197	0.0526	0.0395	0.0658	0.0362	0.0592	0.0461	0.0658	0.0066	0.0362
Tery_0109	0.0743	0.0155	0.0495	0.0588	0.0372	0.0712	0.0217	0.0402	0.1022	0.1053	0.0248	0.0341	0.0433	0.0279	0.0402	0.0805	0.0433	0.0805	0.0124	0.0372
Tery_0111	0.0682	0.0000	0.0000	0.0227	0.0455	0.0227	0.0455	0.0909	0.0682	0.1591	0.0000	0.0909	0.0000	0.0227	0.1136	0.1136	0.0455	0.0227	0.0227	0.0455
Tery_0112	0.0000	0.0678	0.0339	0.0508	0.0169	0.0339	0.0508	0.1017	0.1356	0.0508	0.0169	0.1017	0.0169	0.1017	0.0339	0.0847	0.0339	0.0339	0.0000	0.0339
Tery_0114	0.0612	0.0102	0.1122	0.0612	0.0816	0.0408	0.0306	0.0408	0.0918	0.1020	0.0102	0.0612	0.0306	0.0306	0.0204	0.0612	0.0408	0.0714	0.0000	0.0408
Tery_0115	0.0605	0.0146	0.0370	0.0886	0.0471	0.0538	0.0202	0.0807	0.0527	0.1132	0.0101	0.0706	0.0348	0.0684	0.0370	0.0628	0.0359	0.0504	0.0112	0.0504
Tery_0116	0.1315	0.0069	0.0484	0.0692	0.0277	0.0415	0.0035	0.0588	0.1073	0.0969	0.0208	0.0519	0.0311	0.1003	0.0242	0.0484	0.0346	0.0450	0.0035	0.0484
Tery_0117	0.0606	0.0000	0.1115	0.0808	0.0367	0.0996	0.0187	0.0614	0.0337	0.0674	0.0120	0.0778	0.0314	0.0359	0.0150	0.0778	0.0734	0.0501	0.0210	0.0352
Tery_0118	0.0115	0.0230	0.0115	0.0230	0.0575	0.0460	0.0115	0.0805	0.0575	0.1839	0.0000	0.0690	0.0345	0.1149	0.0575	0.0805	0.0575	0.0345	0.0230	0.0230
Tery_0119	0.0541	0.0225	0.0631	0.0811	0.0721	0.0360	0.0360	0.0586	0.0721	0.0901	0.0090	0.0631	0.0225	0.0315	0.0495	0.0586	0.0405	0.0766	0.0090	0.0541
Tery_0120	0.0356	0.0142	0.0534	0.0890	0.0391	0.0498	0.0356	0.0890	0.1174	0.1068	0.0214	0.0605	0.0249	0.0463	0.0356	0.0391	0.0391	0.0356	0.0071	0.0605
Tery_0121	0.0485	0.0061	0.0515	0.0818	0.0545	0.0394	0.0242	0.0758	0.0848	0.0939	0.0152	0.0848	0.0333	0.0545	0.0364	0.0576	0.0333	0.0636	0.0182	0.0424
Tery_0122	0.0694	0.0115	0.0406	0.0806	0.0364	0.0473	0.0176	0.0733	0.0866	0.1112	0.0094	0.0715	0.0370	0.0627	0.0267	0.0654	0.0348	0.0488	0.0148	0.0545
Tery_0124	0.0941	0.0059	0.0314	0.0373	0.0569	0.0412	0.0118	0.0529	0.0373	0.0824	0.0098	0.0843	0.0608	0.0725	0.0569	0.0902	0.0431	0.0608	0.0157	0.0549
Tery_0125	0.0480	0.0040	0.0240	0.0720	0.0280	0.0920	0.0160	0.0880	0.0760	0.1400	0.0280	0.0520	0.0320	0.0600	0.0680	0.0320	0.0600	0.0560	0.0040	0.0200
Tery_0127	0.0584	0.0078	0.0389	0.0778	0.0389	0.0778	0.0233	0.1012	0.0584	0.1167	0.0195	0.0506	0.0350	0.0311	0.0545	0.0467	0.0661	0.0817	0.0000	0.0156
Tery_0128	0.0611	0.0025	0.0153	0.0483	0.0763	0.0941	0.0102	0.1170	0.0483	0.1374	0.0153	0.0254	0.0331	0.0433	0.0356	0.0509	0.0534	0.0763	0.0229	0.0331
Tery_0129	0.0674	0.0130	0.0207	0.0130	0.0751	0.1088	0.0026	0.1425	0.0337	0.1373	0.0181	0.0518	0.0311	0.0285	0.0311	0.0596	0.0518	0.0777	0.0130	0.0233
Tery_0130	0.0804	0.0095	0.0426	0.0662	0.0473	0.0757	0.0118	0.0686	0.0898	0.0591	0.0165	0.0638	0.0426	0.0378	0.0213	0.0591	0.0757	0.0804	0.0236	0.0284
Tery_0131	0.0957	0.0213	0.0745	0.0745	0.0106	0.0532	0.0213	0.0532	0.0319	0.1170	0.0106	0.0745	0.0745	0.0319	0.0426	0.0745	0.0426	0.0638	0.0106	0.0213
Tery_0132	0.0712	0.0059	0.0624	0.0682	0.0404	0.0602	0.0132	0.0829	0.0477	0.1064	0.0073	0.0580	0.0514	0.0543	0.0550	0.0668	0.0411	0.0594	0.0147	0.0337
Tery_0133	0.0405	0.0000	0.0481	0.0810	0.0684	0.0506	0.0177	0.0911	0.0759	0.0785	0.0177	0.0456	0.0481	0.0380	0.0456	0.0658	0.0658	0.0532	0.0304	0.0380
Tery_0134	0.0373	0.0053	0.0640	0.1093	0.0400	0.0347	0.0080	0.0907	0.1013	0.1013	0.0187	0.0720	0.0373	0.0453	0.0613	0.0480	0.0427	0.0373	0.0080	0.0373
Tery_0135	0.0312	0.0104	0.0312	0.0417	0.0833	0.0938	0.0000	0.0521	0.0417	0.1771	0.0208	0.0625	0.0312	0.0833	0.0312	0.1042	0.0417	0.0417	0.0104	0.0104
Tery_0136	0.0491	0.0045	0.0491	0.0804	0.0357	0.0625	0.0357	0.0848	0.0491	0.0982	0.0179	0.0446	0.0536	0.0580	0.0446	0.0804	0.0402	0.0580	0.0134	0.0402
Tery_0137	0.0353	0.0160	0.0545	0.0865	0.0449	0.0385	0.0256	0.0865	0.0737	0.1346	0.0096	0.0417	0.0385	0.0609	0.0545	0.0673	0.0481	0.0481	0.0192	0.0160
Tery_0138	0.0755	0.0162	0.0216	0.0270	0.0755	0.0431	0.0108	0.1132	0.0404	0.1563	0.0216	0.0485	0.0323	0.0296	0.0566	0.0809	0.0377	0.0620	0.0162	0.0350
Tery_0139	0.0583	0.0049	0.0534	0.1019	0.0194	0.0097	0.0097	0.0583	0.0971	0.1117	0.0097	0.0631	0.0291	0.1262	0.0437	0.0485	0.0874	0.0388	0.0097	0.0194
Tery_0140	0.1321	0.0162	0.0404	0.0512	0.0270	0.0889	0.0162	0.0620	0.0782	0.0889	0.0189	0.0296	0.0593	0.0377	0.0270	0.0566	0.0485	0.0728	0.0108	0.0377
Tery_0141	0.0575	0.0000	0.0345	0.1149	0.0115	0.0115	0.0230	0.0460	0.0805	0.1724	0.0230	0.0460	0.0000	0.0575	0.0575	0.1379	0.0690	0.0460	0.0000	0.0115
Tery_0142	0.0513	0.0114	0.0399	0.0399	0.0741	0.0541	0.0655	0.0570	0.0598	0.0883	0.0285	0.0399	0.0456	0.0370	0.0342	0.0456	0.0541	0.0798	0.0598	0.0342
Tery_0143	0.0458	0.0083	0.0542	0.0750	0.0375	0.0396	0.0208	0.0667	0.0792	0.1146	0.0167	0.0729	0.0437	0.0375	0.0458	0.0771	0.0396	0.0771	0.0042	0.0437
Tery_0144	0.0586	0.0000	0.0370	0.1142	0.0216	0.0432	0.0093	0.1019	0.0926	0.1080	0.0093	0.0772	0.0340	0.0556	0.0556	0.0586	0.0432	0.0401	0.0123	0.0278
Tery_0145	0.0653	0.0037	0.0317	0.0597	0.0317	0.0485	0.0019	0.0765	0.0858	0.0989	0.0149	0.0560	0.0541	0.0672	0.0541	0.0970	0.0485	0.0485	0.0280	0.0280
Tery_0146	0.0522	0.0149	0.0299	0.0796	0.0423	0.0672	0.0149	0.0597	0.0547	0.0970	0.0124	0.0398	0.0622	0.0448	0.0746	0.0721	0.0597	0.0796	0.0075	0.0348
Tery_0147	0.0282	0.0056	0.0394	0.0592	0.0648	0.0620	0.0225	0.0901	0.1099	0.1324	0.0254	0.0676	0.0282	0.0254	0.0366	0.0732	0.0254	0.0310	0.0113	0.0620
Tery_0148	0.0371	0.0143	0.0543	0.0514	0.0629	0.0543	0.0200	0.0714	0.0543	0.1200	0.0200	0.0743	0.0343	0.0571	0.0657	0.0543	0.0571	0.0457	0.0171	0.0343
Tery_0149	0.0903	0.0000	0.0710	0.0839	0.0065	0.0129	0.0000	0.0323	0.1355	0.0903	0.0194	0.0129	0.0387	0.0645	0.0645	0.0903	0.1161	0.0581	0.0000	0.0129
Tery_0150	0.0275	0.0092	0.0367	0.1101	0.0275	0.0275	0.0000	0.1009	0.0550	0.1835	0.0183	0.0367	0.0550	0.0459	0.0459	0.1101	0.0092	0.0367	0.0183	0.0459
Tery_0151	0.0404	0.0147	0.0588	0.0809	0.0294	0.0478	0.0221	0.0772	0.0993	0.1250	0.0184	0.0368	0.0331	0.0625	0.0515	0.0809	0.0404	0.0368	0.0074	0.0368
Tery_0152	0.0392	0.0136	0.0482	0.0572	0.0392	0.0392	0.0241	0.0964	0.0768	0.1250	0.0090	0.0753	0.0377	0.0678	0.0316	0.0708	0.0587	0.0497	0.0105	0.0301
Tery_0153	0.0332	0.0199	0.0332	0.0698	0.0698	0.0498	0.0233	0.0698	0.0731	0.1096	0.0199	0.0498	0.0565	0.0565	0.0332	0.0465	0.0465	0.0764	0.0199	0.0432
Tery_0155	0.0345	0.0517	0.0690	0.0862	0.0517	0.0345	0.0000	0.0690	0.0690	0.0517	0.0000	0.1207	0.0517	0.0172	0.0345	0.0517	0.0345	0.0690	0.0690	0.0345
Tery_0156	0.0563	0.0025	0.0263	0.0476	0.0526	0.0826	0.0050	0.0776	0.0526	0.1277	0.0175	0.0538	0.0513	0.0451	0.0538	0.0638	0.0488	0.0588	0.0238	0.0526
Tery_0157	0.0929	0.0062	0.0588	0.0712	0.0248	0.0341	0.0248	0.0743	0.0526	0.1455	0.0186	0.0310	0.0341	0.0402	0.0526	0.0836	0.0619	0.0526	0.0031	0.0372
Tery_0158	0.0692	0.0000	0.0503	0.0440	0.0252	0.0189	0.0189	0.1006	0.0566	0.1195	0.0252	0.0314	0.0692	0.1006	0.0252	0.0818	0.0629	0.0566	0.0063	0.0377
Tery_0159	0.0696	0.0129	0.0464	0.1005	0.0284	0.0515	0.0232	0.0644	0.0567	0.1186	0.0155	0.0284	0.0206	0.0825	0.0825	0.0619	0.0515	0.0309	0.0180	0.0361
Tery_0160	0.0501	0.0206	0.0413	0.1062	0.0324	0.0413	0.0029	0.0472	0.0560	0.1327	0.0177	0.0560	0.0649	0.0501	0.0324	0.0855	0.0501	0.0649	0.0177	0.0295
Tery_0161	0.0741	0.0111	0.0370	0.0519	0.0296	0.0481	0.0074	0.0741	0.0667	0.1185	0.0222	0.0259	0.0667	0.0556	0.0370	0.0593	0.0667	0.0926	0.0074	0.0481
Tery_0162	0.0476	0.0159	0.0847	0.0688	0.0847	0.0899	0.0053	0.0317	0.0688	0.0635	0.0370	0.0423	0.0529	0.0370	0.0476	0.0476	0.0423	0.0952	0.0159	0.0212
Tery_0163	0.0588	0.0245	0.0392	0.0637	0.0294	0.0637	0.0196	0.0931	0.0735	0.1078	0.0294	0.0539	0.0392	0.0539	0.0343	0.0686	0.0490	0.0686	0.0098	0.0196
Tery_0164	0.0722	0.0111	0.0556	0.0778	0.0389	0.0667	0.0111	0.0444	0.0778	0.0833	0.0111	0.0444	0.0278	0.0167	0.0389	0.0722	0.0722	0.1222	0.0111	0.0444
Tery_0165	0.0550	0.0092	0.0367	0.0459	0.0367	0.0826	0.0092	0.0550	0.0459	0.1468	0.0367	0.0275	0.0183	0.1009	0.0550	0.0459	0.0550	0.1009	0.0000	0.0367
Tery_0168	0.1008	0.0000	0.0336	0.0840	0.0000	0.0672	0.0000	0.0504	0.0504	0.1345	0.0252	0.0420	0.0336	0.0588	0.0420	0.0672	0.0924	0.0840	0.0252	0.0084
Tery_0169	0.0562	0.0000	0.0337	0.0562	0.0000	0.0674	0.0225	0.0787	0.1124	0.1124	0.0337	0.0337	0.0000	0.1124	0.0899	0.0449	0.0787	0.0225	0.0000	0.0449
Tery_0170	0.0382	0.0000	0.0191	0.0573	0.0573	0.0510	0.0000	0.0637	0.1146	0.1274	0.0255	0.0255	0.0510	0.0382	0.0510	0.1592	0.0446	0.0510	0.0127	0.0127
Tery_0171	0.0992	0.0085	0.0482	0.0708	0.0198	0.0765	0.0170	0.0623	0.0510	0.0935	0.0397	0.0283	0.0680	0.0397	0.0510	0.0538	0.0538	0.0878	0.0113	0.0198
Tery_0172	0.0557	0.0080	0.0451	0.0849	0.0212	0.0292	0.0159	0.0531	0.0584	0.1220	0.0133	0.0557	0.0265	0.0769	0.0716	0.0796	0.0451	0.0663	0.0239	0.0477
Tery_0173	0.0345	0.0157	0.0282	0.0690	0.0219	0.0564	0.0251	0.0878	0.0690	0.1348	0.0125	0.0596	0.0690	0.0408	0.0313	0.0784	0.0470	0.0533	0.0282	0.0376
Tery_0174	0.0525	0.0127	0.0543	0.0924	0.0489	0.0707	0.0091	0.0471	0.0761	0.0996	0.0181	0.0272	0.0290	0.0507	0.0380	0.0761	0.0471	0.0906	0.0181	0.0417
Tery_0175	0.0508	0.0000	0.0169	0.0339	0.0169	0.1695	0.0000	0.0508	0.0508	0.1525	0.0508	0.0169	0.0169	0.0508	0.0678	0.1186	0.0169	0.1017	0.0000	0.0169
Tery_0176	0.0402	0.0201	0.0653	0.0452	0.0201	0.0804	0.0101	0.0804	0.0854	0.1256	0.0201	0.0402	0.0452	0.0452	0.0503	0.0452	0.0704	0.0653	0.0151	0.0302
Tery_0177	0.0216	0.0144	0.0647	0.0504	0.0647	0.0935	0.0216	0.0576	0.0719	0.0719	0.0144	0.0647	0.0360	0.0216	0.0576	0.0432	0.0719	0.0504	0.0360	0.0719
Tery_0178	0.0590	0.0107	0.0376	0.1002	0.0411	0.0930	0.0107	0.0358	0.0859	0.0966	0.0089	0.0322	0.0286	0.0465	0.0751	0.0698	0.0286	0.0859	0.0215	0.0322
Tery_0179	0.0630	0.0315	0.0512	0.0394	0.0669	0.0354	0.0354	0.0197	0.1024	0.0984	0.0315	0.0591	0.0630	0.0354	0.0787	0.0433	0.0433	0.0276	0.0276	0.0472
Tery_0181	0.0613	0.0153	0.0306	0.0853	0.0481	0.0569	0.0175	0.0678	0.0722	0.1269	0.0372	0.0219	0.0656	0.0394	0.0525	0.0591	0.0525	0.0394	0.0131	0.0372
Tery_0182	0.0878	0.0085	0.0227	0.0482	0.0765	0.0935	0.0283	0.0822	0.0085	0.0765	0.0368	0.0595	0.0425	0.0255	0.0340	0.0765	0.0538	0.0708	0.0283	0.0397
Tery_0183	0.0878	0.0085	0.0227	0.0482	0.0765	0.0935	0.0283	0.0822	0.0085	0.0765	0.0368	0.0595	0.0425	0.0255	0.0340	0.0765	0.0538	0.0708	0.0283	0.0397
Tery_0184	0.0510	0.0132	0.0493	0.0444	0.0362	0.0954	0.0296	0.0674	0.0674	0.1086	0.0181	0.0411	0.0378	0.0526	0.0296	0.0888	0.0526	0.0658	0.0247	0.0263
Tery_0185	0.0561	0.0179	0.0383	0.0587	0.0332	0.0689	0.0204	0.0918	0.0587	0.1020	0.0128	0.0561	0.0536	0.0485	0.0408	0.0714	0.0459	0.0689	0.0230	0.0332
Tery_0186	0.0605	0.0137	0.0449	0.0625	0.0430	0.0312	0.0156	0.0742	0.0723	0.1152	0.0098	0.0547	0.0430	0.0625	0.0371	0.0684	0.0508	0.0586	0.0215	0.0605
Tery_0187	0.0429	0.0076	0.0480	0.0530	0.0480	0.0480	0.0051	0.1010	0.0732	0.1414	0.0126	0.0783	0.0404	0.0429	0.0354	0.0783	0.0732	0.0354	0.0000	0.0354
Tery_0188	0.0670	0.0045	0.0568	0.0806	0.0318	0.0488	0.0102	0.0613	0.0590	0.0783	0.0148	0.0375	0.0488	0.0692	0.0386	0.0511	0.1373	0.0692	0.0148	0.0204
Tery_0189	0.0117	0.0117	0.0409	0.0468	0.0468	0.0994	0.0117	0.0819	0.0819	0.0819	0.0234	0.0585	0.0526	0.0409	0.0468	0.0760	0.0760	0.0526	0.0175	0.0409
Tery_0190	0.0747	0.0090	0.0478	0.0568	0.0404	0.0837	0.0135	0.0717	0.0478	0.0717	0.0164	0.0508	0.0717	0.0478	0.0508	0.0613	0.0673	0.0433	0.0209	0.0523
Tery_0192	0.0597	0.0050	0.0398	0.0149	0.0597	0.0597	0.0100	0.1343	0.0796	0.0995	0.0199	0.0597	0.0249	0.0398	0.0149	0.0647	0.0796	0.0697	0.0498	0.0149
Tery_0193	0.0454	0.0132	0.0605	0.0586	0.0435	0.0699	0.0265	0.0718	0.0529	0.1285	0.0113	0.0491	0.0491	0.0435	0.0624	0.0681	0.0605	0.0416	0.0151	0.0284
Tery_0194	0.0778	0.0556	0.0556	0.0444	0.0556	0.0333	0.0222	0.0333	0.0444	0.0000	0.0333	0.0778	0.0667	0.0333	0.0667	0.1111	0.0444	0.0222	0.0667	0.0556
Tery_0196	0.0288	0.0048	0.0625	0.1202	0.0433	0.0433	0.0096	0.0433	0.1202	0.1154	0.0192	0.0817	0.0433	0.0288	0.0385	0.0385	0.0577	0.0529	0.0096	0.0385
Tery_0197	0.0679	0.0090	0.0226	0.0362	0.0860	0.0588	0.0181	0.1176	0.0498	0.1448	0.0226	0.0181	0.0498	0.0362	0.0226	0.0679	0.0769	0.0498	0.0136	0.0317
Tery_0198	0.0568	0.0170	0.0227	0.0682	0.0284	0.0284	0.0057	0.1193	0.0795	0.0966	0.0170	0.0625	0.0398	0.0739	0.0568	0.0682	0.0682	0.0568	0.0114	0.0227
Tery_0199	0.0601	0.0117	0.0411	0.0630	0.0337	0.0689	0.0147	0.0733	0.0616	0.1114	0.0308	0.0411	0.0396	0.0762	0.0587	0.0733	0.0469	0.0718	0.0015	0.0205
Tery_0200	0.0435	0.0087	0.0377	0.1043	0.0609	0.0406	0.0174	0.0667	0.1043	0.0986	0.0116	0.0609	0.0261	0.0638	0.0319	0.0493	0.0522	0.0406	0.0261	0.0551
Tery_0201	0.0845	0.0186	0.0474	0.0680	0.0433	0.0701	0.0227	0.1010	0.0701	0.0742	0.0103	0.0557	0.0412	0.0474	0.0351	0.0474	0.0598	0.0433	0.0082	0.0515
Tery_0202	0.0449	0.0169	0.0562	0.1124	0.0393	0.0787	0.0056	0.0787	0.0618	0.0955	0.0169	0.0337	0.0169	0.0393	0.0506	0.0899	0.0393	0.0955	0.0000	0.0281
Tery_0203	0.0524	0.0159	0.0387	0.0843	0.0387	0.0569	0.0228	0.1116	0.0661	0.1002	0.0228	0.0661	0.0364	0.0706	0.0387	0.0592	0.0456	0.0478	0.0023	0.0228
Tery_0204	0.0435	0.0087	0.0377	0.1043	0.0609	0.0406	0.0174	0.0667	0.1043	0.0986	0.0116	0.0609	0.0261	0.0638	0.0319	0.0493	0.0522	0.0406	0.0261	0.0551
Tery_0205	0.0739	0.0117	0.0467	0.0623	0.0195	0.0739	0.0233	0.0856	0.0700	0.1089	0.0195	0.0506	0.0350	0.0350	0.0545	0.0584	0.0506	0.0856	0.0078	0.0272
Tery_0206	0.0333	0.0000	0.0370	0.1000	0.0370	0.0519	0.0000	0.0704	0.0815	0.1074	0.0222	0.0481	0.0259	0.0481	0.0370	0.0926	0.0963	0.0667	0.0111	0.0333
Tery_0207	0.0829	0.0107	0.0160	0.0722	0.0455	0.0749	0.0348	0.0695	0.0588	0.1283	0.0080	0.0455	0.0561	0.0401	0.0294	0.0588	0.0561	0.0695	0.0107	0.0321
Tery_0208	0.0336	0.0000	0.0588	0.0336	0.0756	0.0420	0.0168	0.1092	0.1092	0.1008	0.0252	0.1092	0.0084	0.0420	0.0504	0.0588	0.0252	0.0336	0.0252	0.0420
Tery_0209	0.0453	0.0044	0.0350	0.0628	0.0496	0.0496	0.0175	0.1168	0.0876	0.1182	0.0131	0.0599	0.0380	0.0467	0.0336	0.0730	0.0394	0.0540	0.0204	0.0350
Tery_0210	0.0641	0.0114	0.0412	0.0595	0.0297	0.0595	0.0275	0.0870	0.0412	0.1373	0.0114	0.0458	0.0526	0.0412	0.0664	0.0664	0.0389	0.0892	0.0137	0.0160
Tery_0211	0.0325	0.0163	0.0407	0.0854	0.0528	0.0488	0.0244	0.0732	0.0569	0.1057	0.0163	0.0650	0.0610	0.0569	0.0244	0.0894	0.0407	0.0569	0.0122	0.0407
Tery_0212	0.0601	0.0063	0.0316	0.0791	0.0316	0.0316	0.0127	0.0728	0.0791	0.1551	0.0158	0.0380	0.0475	0.0728	0.0316	0.0601	0.0854	0.0570	0.0190	0.0127
Tery_0213	0.0755	0.0000	0.0755	0.0975	0.0314	0.0283	0.0063	0.0472	0.0881	0.0786	0.0063	0.0723	0.0440	0.0597	0.0126	0.0975	0.0660	0.0755	0.0126	0.0252
Tery_0214	0.0676	0.0197	0.0535	0.0563	0.0366	0.0789	0.0169	0.0817	0.0789	0.1014	0.0254	0.0535	0.0338	0.0535	0.0282	0.0563	0.0366	0.0648	0.0085	0.0479
Tery_0215	0.0412	0.0206	0.0515	0.0928	0.0412	0.1237	0.0515	0.0722	0.0619	0.0825	0.0103	0.0412	0.0309	0.0412	0.0309	0.0619	0.0206	0.0722	0.0206	0.0309
Tery_0216	0.0365	0.0073	0.0730	0.1022	0.0146	0.0876	0.0292	0.0438	0.0949	0.0876	0.0219	0.0438	0.0365	0.0219	0.0584	0.0438	0.0949	0.0511	0.0000	0.0511
Tery_0217	0.0674	0.0112	0.0487	0.0749	0.0375	0.0637	0.0375	0.0524	0.0599	0.1273	0.0337	0.0262	0.0637	0.0412	0.0300	0.0524	0.0637	0.0562	0.0187	0.0337
Tery_0218	0.0588	0.0094	0.0518	0.0729	0.0376	0.0529	0.0224	0.0753	0.0682	0.1035	0.0188	0.0706	0.0388	0.0518	0.0506	0.0435	0.0518	0.0541	0.0165	0.0506
Tery_0220	0.0529	0.0353	0.0412	0.0618	0.0588	0.0706	0.0206	0.0412	0.0794	0.1088	0.0294	0.0529	0.0647	0.0559	0.0324	0.0382	0.0471	0.0529	0.0147	0.0412
Tery_0221	0.0578	0.0075	0.0477	0.0678	0.0578	0.0553	0.0126	0.0503	0.0402	0.1307	0.0176	0.0553	0.0477	0.0477	0.0503	0.0854	0.0503	0.0628	0.0201	0.0352
Tery_0222	0.0569	0.0027	0.0542	0.0921	0.0515	0.0705	0.0108	0.0325	0.0379	0.1138	0.0298	0.0515	0.0352	0.0488	0.0596	0.0840	0.0271	0.0813	0.0054	0.0542
Tery_0223	0.0870	0.0040	0.0632	0.1146	0.0474	0.0316	0.0198	0.0949	0.0791	0.1107	0.0198	0.0237	0.0198	0.0435	0.0277	0.0514	0.0316	0.0830	0.0079	0.0395
Tery_0224	0.0718	0.0032	0.0399	0.1116	0.0207	0.0558	0.0096	0.0622	0.0766	0.1100	0.0207	0.0399	0.0223	0.1116	0.0542	0.0510	0.0463	0.0590	0.0096	0.0239
Tery_0225	0.0705	0.0055	0.0352	0.0584	0.0463	0.0705	0.0176	0.0683	0.0407	0.1344	0.0176	0.0385	0.0363	0.0595	0.0551	0.0595	0.0661	0.0760	0.0143	0.0297
Tery_0226	0.0594	0.0198	0.0297	0.0743	0.0297	0.0446	0.0248	0.0693	0.0891	0.1139	0.0198	0.0594	0.0149	0.0693	0.0644	0.0792	0.0792	0.0198	0.0149	0.0248
Tery_0227	0.0411	0.0137	0.0457	0.0799	0.0502	0.0320	0.0160	0.0913	0.1096	0.0959	0.0205	0.0639	0.0411	0.0457	0.0434	0.0731	0.0388	0.0411	0.0068	0.0502
Tery_0228	0.0267	0.0114	0.0673	0.0572	0.0559	0.0572	0.0165	0.0902	0.0826	0.1144	0.0127	0.0508	0.0368	0.0445	0.0445	0.0661	0.0381	0.0750	0.0203	0.0318
Tery_0229	0.0481	0.0172	0.0344	0.0653	0.0309	0.0687	0.0206	0.0550	0.0619	0.0859	0.0241	0.0756	0.0722	0.0515	0.0619	0.0653	0.0687	0.0447	0.0172	0.0309
Tery_0230	0.0494	0.0370	0.0494	0.0494	0.0370	0.0370	0.0000	0.1481	0.1235	0.0864	0.0247	0.0617	0.0123	0.0370	0.0494	0.0741	0.0494	0.0247	0.0123	0.0370
Tery_0231	0.0790	0.0110	0.0312	0.0846	0.0257	0.0570	0.0276	0.0735	0.0625	0.1342	0.0165	0.0533	0.0331	0.0404	0.0551	0.0607	0.0515	0.0607	0.0129	0.0294
Tery_0232	0.1100	0.0137	0.0412	0.0206	0.0653	0.0687	0.0069	0.1100	0.0309	0.1203	0.0241	0.0206	0.0447	0.0275	0.0412	0.0481	0.0653	0.0790	0.0412	0.0206
Tery_0233	0.0130	0.0260	0.0130	0.0779	0.0130	0.0909	0.0130	0.0779	0.1299	0.1818	0.0130	0.1039	0.0130	0.0130	0.0260	0.0390	0.0390	0.0909	0.0000	0.0260
Tery_0234	0.0328	0.0219	0.0656	0.0437	0.0710	0.0546	0.0164	0.0601	0.0601	0.1475	0.0164	0.0656	0.0492	0.0437	0.0437	0.0601	0.0437	0.0601	0.0055	0.0383
Tery_0235	0.0704	0.0151	0.0754	0.0704	0.0704	0.0603	0.0151	0.0804	0.0553	0.0804	0.0101	0.0402	0.0402	0.0352	0.0402	0.0553	0.0653	0.0754	0.0101	0.0352
Tery_0237	0.0546	0.0024	0.0449	0.0765	0.0243	0.0607	0.0182	0.0619	0.0655	0.0910	0.0170	0.0619	0.0643	0.0619	0.0316	0.1104	0.0680	0.0510	0.0073	0.0267
Tery_0238	0.0588	0.0131	0.0327	0.0327	0.0392	0.0784	0.0261	0.0327	0.0588	0.1373	0.0196	0.0719	0.0523	0.0392	0.0458	0.0523	0.0588	0.0588	0.0196	0.0719
Tery_0239	0.0504	0.0126	0.0551	0.0472	0.0268	0.0598	0.0220	0.0567	0.1244	0.1039	0.0142	0.0504	0.0520	0.0331	0.0661	0.0520	0.0520	0.0567	0.0236	0.0409
Tery_0240	0.0521	0.0142	0.0568	0.0442	0.0284	0.0505	0.0268	0.0631	0.1199	0.1057	0.0126	0.0505	0.0489	0.0315	0.0726	0.0568	0.0536	0.0521	0.0252	0.0347
Tery_0242	0.0627	0.0157	0.0392	0.0731	0.0339	0.0418	0.0235	0.0653	0.0470	0.1305	0.0131	0.0470	0.0548	0.0548	0.0548	0.0783	0.0627	0.0470	0.0157	0.0392
Tery_0243	0.0407	0.0074	0.0444	0.0704	0.0704	0.0185	0.0370	0.1000	0.0852	0.0778	0.0222	0.0556	0.0333	0.0741	0.0519	0.0444	0.0481	0.0556	0.0111	0.0519
Tery_0244	0.0664	0.0105	0.0699	0.0559	0.0350	0.0804	0.0420	0.0699	0.0490	0.1014	0.0175	0.0594	0.0350	0.0385	0.0524	0.0455	0.0350	0.0629	0.0105	0.0629
Tery_0245	0.0449	0.0112	0.0562	0.0337	0.0562	0.0562	0.0056	0.1011	0.0955	0.1124	0.0281	0.0955	0.0169	0.0562	0.0169	0.0618	0.0562	0.0787	0.0000	0.0169
Tery_0246	0.0256	0.0128	0.0256	0.0897	0.0769	0.0321	0.0385	0.0641	0.0577	0.1026	0.0256	0.0513	0.0256	0.0705	0.0833	0.0962	0.0385	0.0513	0.0128	0.0192
Tery_0247	0.0337	0.0209	0.0417	0.0674	0.0465	0.0819	0.0241	0.0610	0.0787	0.0835	0.0193	0.0594	0.0530	0.0417	0.0449	0.0610	0.0594	0.0594	0.0161	0.0465
Tery_0248	0.0292	0.0130	0.0390	0.0584	0.0584	0.0519	0.0227	0.1104	0.0649	0.0942	0.0195	0.0877	0.0390	0.0584	0.0357	0.0617	0.0325	0.0584	0.0162	0.0487
Tery_0249	0.0668	0.0187	0.0321	0.0695	0.0374	0.0615	0.0160	0.0749	0.0775	0.1203	0.0134	0.0642	0.0455	0.0455	0.0428	0.0615	0.0588	0.0428	0.0134	0.0374
Tery_0250	0.0515	0.0000	0.0309	0.0515	0.0619	0.0309	0.0206	0.2268	0.1443	0.0412	0.0103	0.0309	0.0722	0.0206	0.0000	0.0309	0.0515	0.0825	0.0206	0.0206
Tery_0251	0.0495	0.0198	0.0297	0.0644	0.0248	0.0891	0.0149	0.1089	0.0347	0.0545	0.0050	0.0644	0.0396	0.0594	0.0644	0.0743	0.0693	0.0545	0.0099	0.0693
Tery_0254	0.1304	0.0000	0.0000	0.0870	0.0000	0.0217	0.0000	0.0870	0.0870	0.1739	0.0000	0.1957	0.0000	0.0435	0.0000	0.0652	0.0217	0.0217	0.0217	0.0435
Tery_0255	0.0525	0.0098	0.0164	0.0590	0.0361	0.0820	0.0230	0.0885	0.0459	0.0984	0.0033	0.0590	0.0721	0.0557	0.0361	0.0590	0.0689	0.0754	0.0164	0.0426
Tery_0256	0.0531	0.0079	0.0177	0.0256	0.0689	0.0335	0.0197	0.0945	0.0512	0.1713	0.0177	0.0492	0.0335	0.0591	0.0276	0.0650	0.0669	0.0610	0.0157	0.0610
Tery_0257	0.0364	0.0909	0.0182	0.0364	0.0182	0.0182	0.0182	0.0182	0.1455	0.0545	0.0182	0.0727	0.1091	0.0000	0.0909	0.1091	0.0364	0.0364	0.0545	0.0182
Tery_0258	0.0945	0.0130	0.0814	0.0619	0.0326	0.1107	0.0195	0.0782	0.0554	0.0847	0.0228	0.0391	0.0261	0.0228	0.0554	0.0749	0.0456	0.0651	0.0065	0.0098
Tery_0259	0.0481	0.0259	0.0481	0.0556	0.0259	0.0333	0.0185	0.0889	0.0815	0.1111	0.0074	0.0704	0.0444	0.0519	0.0444	0.0889	0.0519	0.0370	0.0222	0.0444
Tery_0260	0.0490	0.0105	0.0210	0.0420	0.0245	0.0804	0.0070	0.0385	0.0350	0.0490	0.0175	0.0909	0.0664	0.0804	0.0734	0.1014	0.0944	0.0629	0.0070	0.0490
Tery_0262	0.1579	0.0000	0.0376	0.1504	0.0226	0.0677	0.0000	0.0677	0.1128	0.0977	0.0451	0.0000	0.0602	0.0301	0.0075	0.0602	0.0301	0.0526	0.0000	0.0000
Tery_0263	0.1263	0.0053	0.0579	0.0632	0.0211	0.0737	0.0000	0.0842	0.1000	0.1053	0.0263	0.0526	0.0263	0.0632	0.0263	0.0632	0.0421	0.0474	0.0053	0.0105
Tery_0264	0.1008	0.0042	0.0504	0.0840	0.0336	0.0756	0.0084	0.0630	0.0882	0.1092	0.0294	0.0126	0.0504	0.0378	0.0672	0.0504	0.0630	0.0546	0.0042	0.0126
Tery_0265	0.1489	0.0071	0.0284	0.0496	0.0213	0.0709	0.0071	0.0851	0.0851	0.0426	0.0355	0.0567	0.0638	0.0426	0.0213	0.0567	0.0709	0.0922	0.0000	0.0142
Tery_0266	0.0446	0.0045	0.0446	0.1161	0.0402	0.0580	0.0268	0.0580	0.0893	0.0759	0.0089	0.0312	0.0402	0.0670	0.0670	0.0536	0.0536	0.0848	0.0179	0.0179
Tery_0267	0.0405	0.0000	0.0405	0.1216	0.0676	0.0541	0.0000	0.0676	0.0811	0.0946	0.0135	0.0000	0.0270	0.0541	0.0135	0.0811	0.0405	0.1622	0.0270	0.0135
Tery_0268	0.0472	0.0000	0.0157	0.0787	0.0236	0.0945	0.0079	0.1102	0.1102	0.0709	0.0157	0.0315	0.0236	0.0394	0.1181	0.0394	0.0394	0.1024	0.0000	0.0315
Tery_0269	0.0617	0.0051	0.0274	0.0463	0.0480	0.0738	0.0086	0.0840	0.0429	0.1338	0.0292	0.0480	0.0497	0.0686	0.0274	0.1012	0.0395	0.0720	0.0137	0.0189
Tery_0270	0.1034	0.0000	0.0624	0.0891	0.0089	0.1123	0.0018	0.0784	0.0749	0.0802	0.0410	0.0339	0.0250	0.0285	0.0446	0.0481	0.0570	0.0998	0.0000	0.0107
Tery_0271	0.0833	0.0077	0.0697	0.0978	0.0465	0.0697	0.0097	0.0445	0.0707	0.1268	0.0097	0.0358	0.0223	0.0455	0.0503	0.0658	0.0329	0.0639	0.0126	0.0348
Tery_0273	0.0642	0.0074	0.0099	0.0099	0.0667	0.0790	0.0049	0.1556	0.0395	0.1358	0.0222	0.0395	0.0519	0.0346	0.0247	0.1111	0.0469	0.0395	0.0173	0.0395
Tery_0274	0.0462	0.0154	0.0462	0.0862	0.0708	0.0492	0.0431	0.0708	0.0862	0.0677	0.0185	0.0492	0.0338	0.0185	0.0369	0.1015	0.0554	0.0523	0.0246	0.0277
Tery_0275	0.0771	0.0138	0.0514	0.0692	0.0375	0.0751	0.0356	0.0593	0.0474	0.0810	0.0138	0.0692	0.0573	0.0316	0.0395	0.0632	0.0474	0.0810	0.0119	0.0375
Tery_0276	0.0490	0.0000	0.0245	0.0539	0.1029	0.0931	0.0441	0.1029	0.0196	0.0980	0.0294	0.0343	0.0245	0.0147	0.0196	0.0784	0.0637	0.0833	0.0294	0.0343
Tery_0277	0.0641	0.0018	0.0142	0.0285	0.0783	0.0925	0.0231	0.0801	0.0231	0.0854	0.0605	0.0391	0.0730	0.0214	0.0267	0.0712	0.0552	0.0925	0.0320	0.0374
Tery_0278	0.0894	0.0000	0.0397	0.0629	0.0430	0.0430	0.0265	0.0695	0.0364	0.0927	0.0232	0.0331	0.0728	0.0397	0.0298	0.0695	0.0596	0.0861	0.0265	0.0563
Tery_0279	0.0896	0.0000	0.0348	0.0249	0.0547	0.0945	0.0249	0.0896	0.0299	0.1542	0.0448	0.0348	0.0398	0.0348	0.0149	0.0448	0.0498	0.0796	0.0299	0.0299
Tery_0280	0.0663	0.0120	0.0181	0.0602	0.0542	0.0663	0.0301	0.1084	0.0120	0.1386	0.0241	0.0422	0.0602	0.0241	0.0241	0.0301	0.0422	0.0964	0.0361	0.0542
Tery_0281	0.0868	0.0140	0.0532	0.0476	0.0532	0.0728	0.0196	0.0868	0.0644	0.1008	0.0112	0.0392	0.0560	0.0336	0.0252	0.0588	0.0588	0.0364	0.0392	0.0420
Tery_0283	0.1183	0.0077	0.0720	0.0925	0.0334	0.0746	0.0103	0.0694	0.0668	0.1054	0.0180	0.0180	0.0283	0.0360	0.0411	0.0514	0.0694	0.0514	0.0077	0.0283
Tery_0284	0.0654	0.0109	0.0300	0.0545	0.0218	0.0872	0.0109	0.1117	0.0490	0.1035	0.0191	0.0490	0.0545	0.0572	0.0381	0.0708	0.0409	0.0545	0.0218	0.0490
Tery_0286	0.0899	0.0150	0.0487	0.0655	0.0300	0.0787	0.0262	0.0618	0.0468	0.1049	0.0094	0.0524	0.0337	0.0562	0.0431	0.0674	0.0599	0.0693	0.0150	0.0262
Tery_0287	0.0638	0.0213	0.0213	0.0851	0.0532	0.0319	0.0000	0.0426	0.0532	0.1383	0.0426	0.1064	0.0213	0.0213	0.0532	0.0957	0.0319	0.0532	0.0213	0.0426
Tery_0288	0.0361	0.0120	0.0442	0.0803	0.0442	0.0402	0.0321	0.1084	0.0803	0.1124	0.0321	0.0562	0.0442	0.0643	0.0120	0.0602	0.0361	0.0402	0.0080	0.0562
Tery_0289	0.0331	0.0000	0.0413	0.0909	0.0413	0.0331	0.0248	0.0496	0.1074	0.1240	0.0165	0.0661	0.0000	0.0744	0.0413	0.0826	0.0331	0.0579	0.0165	0.0661
Tery_0290	0.0452	0.0169	0.0395	0.0960	0.0791	0.0452	0.0169	0.0847	0.0791	0.0847	0.0113	0.0621	0.0395	0.0621	0.0282	0.0339	0.0621	0.0226	0.0282	0.0621
Tery_0291	0.0850	0.0024	0.0437	0.0534	0.0340	0.0801	0.0049	0.0898	0.0534	0.0825	0.0097	0.0704	0.0534	0.0413	0.0413	0.0680	0.0728	0.0510	0.0049	0.0583
Tery_0292	0.0385	0.0035	0.0175	0.1154	0.0210	0.0140	0.0385	0.0874	0.1119	0.1224	0.0105	0.0629	0.0000	0.1573	0.0350	0.0420	0.0559	0.0210	0.0105	0.0350
Tery_0293	0.1051	0.0128	0.0487	0.0718	0.0333	0.0667	0.0154	0.0897	0.0692	0.0846	0.0231	0.0410	0.0487	0.0333	0.0308	0.0769	0.0487	0.0564	0.0051	0.0385
Tery_0294	0.0625	0.0069	0.0602	0.0625	0.0671	0.0394	0.0162	0.0694	0.0301	0.1250	0.0093	0.0486	0.0509	0.0602	0.0417	0.0509	0.0718	0.0579	0.0255	0.0440
Tery_0295	0.0704	0.0058	0.0508	0.0774	0.0370	0.0554	0.0219	0.0751	0.0820	0.0912	0.0104	0.0462	0.0439	0.0531	0.0450	0.0543	0.0508	0.0693	0.0139	0.0462
Tery_0296	0.0465	0.0233	0.0465	0.0465	0.0465	0.0698	0.0465	0.0698	0.0465	0.0930	0.0233	0.0000	0.0233	0.0233	0.0698	0.1395	0.0465	0.1163	0.0233	0.0000
Tery_0298	0.0756	0.0000	0.0291	0.0174	0.0349	0.0523	0.0000	0.1221	0.0523	0.1744	0.0116	0.0465	0.0523	0.0291	0.0233	0.0698	0.0872	0.0698	0.0349	0.0174
Tery_0299	0.0530	0.0016	0.0545	0.1012	0.0312	0.0670	0.0109	0.0701	0.0872	0.1044	0.0202	0.0421	0.0280	0.0514	0.0514	0.0701	0.0498	0.0545	0.0062	0.0452
Tery_0300	0.0874	0.0146	0.0291	0.0825	0.0534	0.0340	0.0097	0.0388	0.0534	0.1068	0.0388	0.0825	0.0388	0.0777	0.0291	0.0340	0.0631	0.0485	0.0340	0.0437
Tery_0301	0.0504	0.0216	0.0504	0.0647	0.0576	0.1295	0.0432	0.0791	0.0863	0.0504	0.0360	0.0647	0.0432	0.0288	0.0144	0.0360	0.0791	0.0504	0.0000	0.0144
Tery_0302	0.0904	0.0087	0.0678	0.0539	0.0365	0.0713	0.0261	0.0783	0.0643	0.0974	0.0243	0.0400	0.0348	0.0365	0.0383	0.0643	0.0661	0.0557	0.0087	0.0365
Tery_0303	0.0594	0.0032	0.0444	0.0696	0.0401	0.0642	0.0048	0.0578	0.0717	0.0979	0.0118	0.0653	0.0594	0.0631	0.0337	0.0642	0.0722	0.0663	0.0123	0.0385
Tery_0305	0.1053	0.0062	0.0124	0.0186	0.1238	0.0681	0.0000	0.0743	0.0186	0.1238	0.0000	0.0372	0.0372	0.0000	0.0341	0.1858	0.0372	0.0805	0.0186	0.0186
Tery_0306	0.1071	0.0052	0.0090	0.0194	0.1110	0.0735	0.0000	0.0735	0.0181	0.1303	0.0000	0.0361	0.0361	0.0000	0.0361	0.1935	0.0374	0.0748	0.0181	0.0206
Tery_0308	0.0366	0.0213	0.0579	0.0610	0.0488	0.0823	0.0091	0.0976	0.0488	0.1220	0.0244	0.0640	0.0396	0.0366	0.0640	0.0610	0.0457	0.0396	0.0183	0.0213
Tery_0309	0.0801	0.0174	0.0174	0.0244	0.0767	0.0871	0.0035	0.1045	0.0348	0.1150	0.0314	0.0244	0.0453	0.0279	0.0244	0.0662	0.0523	0.1254	0.0174	0.0244
Tery_0310	0.0497	0.0055	0.0497	0.0773	0.0331	0.0442	0.0193	0.0608	0.0580	0.1133	0.0083	0.0552	0.0718	0.0525	0.0331	0.1160	0.0773	0.0497	0.0083	0.0166
Tery_0311	0.0691	0.0000	0.0366	0.0772	0.0203	0.0366	0.0041	0.0854	0.0813	0.1098	0.0081	0.0650	0.0488	0.0610	0.0772	0.0691	0.0610	0.0610	0.0000	0.0285
Tery_0313	0.1348	0.0047	0.0402	0.1087	0.0189	0.0591	0.0095	0.0827	0.0757	0.0898	0.0095	0.0426	0.0213	0.0591	0.0496	0.0544	0.0402	0.0804	0.0024	0.0165
Tery_0314	0.0957	0.0022	0.0435	0.1000	0.0261	0.0543	0.0022	0.0978	0.0630	0.1022	0.0130	0.0565	0.0283	0.0630	0.0696	0.0609	0.0500	0.0565	0.0043	0.0109
Tery_0316	0.0545	0.0149	0.0545	0.0495	0.0743	0.0842	0.0099	0.0693	0.0545	0.1040	0.0099	0.0396	0.0198	0.0248	0.0396	0.0941	0.0495	0.1089	0.0198	0.0248
Tery_0317	0.0388	0.0166	0.0609	0.0554	0.0526	0.0720	0.0111	0.0693	0.0471	0.1191	0.0249	0.0526	0.0443	0.0332	0.0582	0.0831	0.0499	0.0582	0.0222	0.0305
Tery_0318	0.0959	0.0044	0.0392	0.0654	0.0349	0.0654	0.0065	0.0545	0.0588	0.1242	0.0305	0.0327	0.0414	0.0566	0.0479	0.0719	0.0675	0.0588	0.0087	0.0349
Tery_0319	0.0357	0.0102	0.0459	0.0918	0.0255	0.0306	0.0255	0.0867	0.0918	0.1224	0.0153	0.0459	0.0357	0.0561	0.0306	0.0714	0.0714	0.0510	0.0255	0.0306
Tery_0320	0.0693	0.0099	0.0396	0.0743	0.0693	0.0495	0.0050	0.0693	0.0693	0.1238	0.0099	0.0347	0.0495	0.0248	0.0594	0.0743	0.0347	0.0545	0.0099	0.0693
Tery_0321	0.0424	0.0071	0.0565	0.0389	0.0636	0.0848	0.0106	0.0919	0.0707	0.1060	0.0177	0.0671	0.0212	0.0671	0.0247	0.0919	0.0671	0.0353	0.0071	0.0283
